42
26
001 001 001 001 001 001 001 001 001 001 001 001 001 001 001 001 001 001 001 001 001 001 001 001 001 001 001 000 000 000 000 000 000 000 000 000 000 000 000 000 000 000 
001 001 001 001 001 001 001 001 001 001 001 001 001 001 001 001 001 001 001 001 001 001 001 001 001 001 001 000 000 000 000 000 000 000 000 000 000 000 000 000 000 000 
001 001 001 001 001 001 001 001 001 001 001 001 001 001 001 001 001 001 001 001 001 001 001 001 001 001 001 000 000 000 000 000 000 000 000 000 000 000 000 000 000 000 
001 001 001 001 001 001 001 001 001 001 001 001 001 001 001 001 001 001 001 001 001 001 001 001 001 001 001 000 000 000 000 000 000 000 000 000 000 000 000 000 000 000 
001 001 001 001 001 001 001 001 001 001 001 001 001 001 001 001 001 001 001 001 001 001 001 001 001 001 001 000 000 000 000 000 000 000 000 000 000 000 000 000 000 000 
001 001 001 001 001 001 001 001 001 001 001 001 001 001 001 001 001 001 001 001 001 001 001 001 001 001 001 000 000 000 000 000 000 000 000 000 000 000 000 000 000 000 
001 001 001 001 001 001 001 001 001 001 001 001 001 001 001 001 001 001 001 001 001 001 001 001 001 001 001 000 000 000 000 000 000 000 000 000 000 000 000 000 000 000 
001 001 001 001 001 001 001 001 001 001 001 001 001 001 001 001 001 001 001 001 001 001 001 001 001 001 001 000 000 000 000 000 000 000 000 000 000 000 000 000 000 000 
001 001 001 001 001 001 001 001 001 001 001 001 001 001 001 001 001 001 001 001 001 001 001 001 001 001 001 000 000 000 000 000 000 000 000 000 000 000 000 000 000 000 
001 001 001 001 001 001 001 001 001 001 001 001 001 001 001 001 001 001 001 001 001 001 001 001 001 001 001 000 000 000 000 000 000 000 000 000 000 000 000 000 000 000 
001 001 001 001 001 001 001 001 001 001 001 001 001 001 001 001 001 001 001 001 001 001 001 001 001 001 001 001 000 000 000 000 000 000 000 000 000 000 000 000 000 000 
001 001 001 001 001 001 001 001 001 001 001 001 001 001 001 001 001 001 001 001 001 001 001 001 001 001 001 001 000 000 000 000 000 000 000 000 000 000 000 000 000 000 
001 001 001 001 001 001 001 001 001 001 001 001 001 001 001 001 001 001 001 001 001 001 001 001 001 001 001 001 000 000 000 000 000 000 000 000 000 000 000 000 000 000 
001 001 001 001 001 001 001 001 001 001 001 001 001 001 001 001 001 001 001 001 001 001 001 001 001 001 001 001 000 000 000 000 000 000 000 000 000 000 000 000 000 000 
001 001 001 001 001 001 001 000 000 000 000 000 000 001 001 001 001 001 001 000 000 000 000 000 001 001 001 001 000 000 000 000 000 000 000 000 000 000 000 000 000 000 
001 001 001 001 000 000 000 000 000 000 000 000 000 000 000 000 000 000 000 000 000 000 000 000 001 001 001 001 000 000 000 000 000 000 000 000 000 000 000 000 000 000 
001 001 000 000 000 000 000 000 000 000 000 000 000 000 000 000 000 000 001 001 001 001 001 001 001 001 001 001 000 000 000 000 000 000 000 000 000 000 000 000 000 000 
001 000 000 000 000 000 000 000 000 000 000 000 000 000 000 000 001 001 001 001 001 001 001 001 001 001 001 001 000 000 000 000 000 000 000 000 000 000 000 000 000 000 
000 000 000 000 000 000 000 000 000 000 000 000 000 000 000 000 000 000 001 001 001 001 001 001 001 001 001 000 000 000 000 000 000 000 000 000 000 000 000 000 000 000 
000 000 000 000 000 000 000 000 000 000 000 000 000 000 000 000 000 000 000 000 000 000 000 001 001 001 000 000 000 000 000 000 000 000 000 000 000 000 000 000 000 000 
000 000 000 000 000 000 000 000 000 000 000 000 000 000 000 000 000 000 000 000 000 000 000 000 000 000 000 000 000 000 000 000 000 000 000 000 000 000 000 000 000 000 
000 000 000 000 000 000 000 000 000 000 000 000 000 000 000 000 000 000 000 000 000 000 000 000 000 000 000 000 000 000 000 000 000 000 000 000 000 000 000 000 000 000 
001 001 001 001 001 001 001 001 001 001 001 001 001 001 001 001 001 001 001 001 001 001 001 002 002 002 002 002 002 002 002 002 002 002 002 002 002 002 002 002 002 002 
001 001 001 001 001 001 001 001 001 001 001 001 001 001 001 001 001 001 001 001 001 001 001 001 002 002 002 002 002 002 002 002 002 002 002 002 002 002 002 002 002 002 
001 001 001 001 001 001 001 001 001 001 001 001 001 001 001 001 001 001 001 001 001 001 001 001 001 002 002 002 002 002 002 002 002 002 002 002 002 002 002 002 002 002 
001 001 001 001 001 001 001 001 001 001 001 001 001 001 001 001 001 001 001 001 001 001 001 001 001 001 001 002 002 002 002 002 002 002 002 002 002 002 002 002 002 002 
